1080
2043
1912
440
2346
2101
2030
193
494
2959
2069
462
4886
3087
4118
3585
4766
504
219
3038
2121
994
2148
4300
1274
120
336
1300
267
4408
1607
3397
3420
520
1180
2190
4568
4989
3736
3497
2473
2583
354
4566
93
3845
877
2260
248
767
184
662
2349
4461
2242
3692
4392
3765
4584
1656
80
2470
3606
2023
165
823
1678
2175
1533
1512
1514
649
1122
277
4794
1577
3763
4210
1871
3664
1921
3325
1510
2733
1560
2322
1161
2662
4113
4986
3563
3650
4442
3776
604
2096
2027
3121
3632
4320
2573
1831
2020
4099
2976
1795
763
4468
4501
3013
4827
4845
1707
2233
1751
3440
999
227
835
538
4069
4870
2398
1527
111
13
2360
1833
2384
4921
4209
4425
458
1184
225
2064
1727
4403
1120
3873
3305
3973
4423
1820
554
1483
4137
1037
1166
1670
2723
2645
2331
127
2684
1619
174
1247
1173
2486
3272
1556
2209
3416
3331
4091
1825
1852
2249
1982
4040
2791
1752
4123
3562
2469
2186
2889
3988
1954
4674
1305
1275
1183
4089
4
4610
1218
671
937
4457
3709
4810
1482
4465
1758
2745
3663
2910
1657
479
4657
3823
2829
2344
2843
4913
876
3926
2490
3084
1621
101
2144
1033
2293
4275
2599
1578
4620
2923
3965
3807
254
880
3350
1516
3822
2585
1897
777
3951
4078
4550
3528
2957
2746
2274
2630
308
3134
1000
3929
75
4244
293
1774
2783
2522
4356
2499
4704
1013
337
2306
1352
4135
949
2464
1343
2898
2353
3414
2530
472
1083
1558
2497
2279
4449
4900
1220
4832
2147
2459
3424
3054
4796
1770
3162
4971
2180
3159
3680
3045
2934
2289
3735
1841
1728
1052
3299
4013
2244
4979
4370
3810
1965
711
3314
2460
3371
2049
2983
4811
1470
4224
3351
3477
1785
2397
4898
2821
415
1903
654
4929
1950
319
1005
1404
395
3057
1450
3229
4638
3741
1939
1725
1360
2351
1915
3489
4222
2443
1078
1277
2177
1100
1531
69
3887
3033
364
4130
1093
3427
1310
4430
2062
3986
90
2054
4938
3169
2110
4654
3219
4512
1235
2007
1380
49
4848
4132
2037
1238
1044
1998
895
2537
4453
3784
2838
4342
1524
3868
2800
1714
4032
2413
3403
4587
4296
2235
2722
2852
2183
2597
4590
3192
4560
3092
3739
541
375
2660
1115
3369
374
4061
2357
2689
4595
404
321
3153
882
3564
1190
3676
2173
2336
2526
1119
1042
879
3389
821
1800
3105
4829
3480
3383
1194
4381
2378
1543
4496
363
1387
3584
3996
4060
4741
4217
2938
1110
4775
4240
1887
4598
24
1368
2739
498
3248
4005
2310
1964
3178
3863
427
4726
1205
3516
2738
970
2195
618
3959
3617
2187
4860
773
1328
2026
316
4409
2629
343
261
3176
3567
1643
310
3255
3225
2812
3227
2742
2787
4695
3892
1708
2963
3864
2108
3126
1553
3268
4375
1068
1779
3275
1623
1009
4152
3060
2999
1081
2421
3237
4462
2111
1244
3047
2290
645
2919
8
1554
53
677
4765
3052
1357
2210
330
4524
1344
4662
4193
4160
3554
389
4313
242
1039
4528
4050
1392
1316
1796
4022
4579
1777
2427
1606
4396
4749
1600
1722
2515
2856
2492
204
4984
3180
2883
3096
2482
4981
4668
446
1749
4632
253
2813
2080
550
6
282
152
929
1261
2152
372
904
1008
2367
4348
1016
1861
642
2005
2455
3616
724
3577
1935
4352
4688
3976
116
4785
3412
3441
1686
2256
402
2777
3639
4142
3363
4715
2077
231
2916
653
438
398
1723
3207
1088
4470
1661
186
3216
1129
1886
4271
2626
752
3710
4349
4806
1840
2276
347
4887
1971
3184
1284
2841
3008
4117
365
4722
3878
4960
2277
1242
1881
2006
3122
3809
784
1876
2434
4456
4911
45
1551
857
2392
2333
2552
4087
1036
3937
19
2055
3801
2160
4689
1970
4144
4851
4484
2193
632
1601
3550
607
371
3058
1867
3496
580
4854
4893
3971
2483
4681
4801
3263
650
326
4131
55
4890
2682
3802
4661
1803
2866
2182
2146
1355
1645
4499
2380
1849
1846
2542
4821
1363
486
2825
2106
380
2639
3565
1211
3252
2172
2857
4064
4999
2196
690
3236
328
294
1914
3402
2356
2164
4552
788
3894
4319
3460
4891
1775
1905
4238
3953
4059
4383
3046
1735
4239
546
3353
1233
2961
2259
4862
3197
2065
1928
855
4351
2361
2541
603
3306
1086
980
3280
3498
1260
2696
48
4330
1817
4427
4594
1495
703
38
834
614
1848
4233
4567
3148
3907
1511
664
16
4982
2104
435
2206
1096
3511
2616
2509
4871
2619
4593
4588
4637
2758
3870
3112
4341
3961
2755
4805
4298
1731
1771
4080
2288
1389
3566
2807
2831
4949
891
2025
1712
947
3401
4872
527
1786
1463
2665
445
2328
1108
4255
1990
885
2691
2554
3604
2587
1134
4808
2436
1092
3101
3772
4742
1552
1570
492
232
3831
998
3615
537
2885
3151
1632
2149
4072
1002
1716
3455
1192
4215
1622
2590
1810
4418
3336
3293
3484
3028
4814
302
3525
4154
1476
542
303
2099
639
495
1157
1976
3672
2245
1933
1526
4730
2647
2159
103
3315
864
3129
2137
1460
3611
4067
2998
1017
233
2809
1399
2810
3760
3166
430
4838
1286
1382
2858
3297
3163
397
4537
3670
56
2176
1690
3648
3133
1843
3521
2860
4978
1733
2932
460
4875
3842
1378
4918
3417
4965
2956
3947
1628
4337
2396
1210
3955
3062
4055
4420
2947
868
4486
544
2944
2429
4859
2391
3948
4630
3781
592
4858
216
276
166
4289
439
1176
4799
3490
2061
710
1874
4434
4869
418
1362
1985
3914
3485
86
973
987
3782
4422
428
3596
1555
2213
132
1381
4405
1458
3164
4491
920
4659
853
535
972
4582
1259
4724
3285
989
1116
871
1819
2981
1534
4459
117
787
4834
1602
3469
2618
4228
3301
519
3730
4166
3505
260
3147
2559
1975
423
4784
1076
3794
836
1562
1673
2229
442
3775
3352
309
1597
4171
4325
1447
926
4856
1406
2727
4998
3903
4419
2246
1603
1587
4443
2779
3298
3900
2912
1379
4267
4102
2100
3786
862
1901
1637
1401
984
1983
4824
1715
3341
4452
37
457
3835
252
207
3678
2305
616
1654
2508
2979
1219
390
4077
1085
394
4047
1718
487
2551
4842
4315
3673
2851
2273
4651
4438
3290
1911
131
4614
3895
1304
1171
2133
20
4752
4487
4178
333
3911
3257
289
360
2498
1407
1136
2644
1437
200
3638
3915
3387
12
1608
2157
1687
171
1350
867
4788
1799
2262
3452
2340
1168
817
474
3394
1851
522
4812
2439
1187
2363
3740
4458
4991
3984
2281
4767
2933
4321
2430
792
578
4603
4433
4649
3748
1433
1370
3260
2708
1614
4436
4307
2652
433
2021
2095
2237
3902
1105
2271
4062
3854
1103
3595
925
1440
4536
507
3319
128
332
1417
4287
1729
4164
2070
3875
4723
4103
1077
476
1302
4745
3022
3754
4504
1053
1172
3436
1438
3113
1342
2700
4014
1188
4216
4025
1318
4149
3601
2586
1872
2476
4497
1505
4605
359
4280
1178
2379
4562
4909
692
3747
2066
1090
4789
670
720
1293
1977
2591
241
3486
3980
4622
4098
808
3876
4519
1821
3543
4502
2937
4701
1952
3530
1056
647
736
1922
4972
2118
2316
91
236
2170
2407
771
322
4987
3187
4424
176
1150
64
4345
4641
1980
627
2913
1507
2922
4840
1746
2369
4257
1323
2415
3019
355
1297
3198
2920
4148
2767
3705
2887
4578
4826
4386
3857
1167
923
4867
331
173
384
611
3463
4220
4800
2588
2935
2266
4549
2659
1818
1141
2127
2765
1185
2906
4012
3743
1453
4291
1149
1713
2673
829
3021
1934
2952
4454
350
3474
35
1354
938
751
1165
818
135
946
3256
1918
2162
17
3120
2996
1246
728
524
465
4516
4297
368
3729
2770
2496
661
959
3998
1419
4517
4639
4236
2624
256
4365
861
3819
2847
1863
3777
3893
2534
1073
2128
4939
1491
521
2615
656
838
1313
560
4935
72
105
2568
1214
3091
4518
3785
1917
3545
3494
4046
1946
558
3636
306
1684
2446
4277
693
1091
1663
2924
4705
2339
44
3559
1427
2083
4873
1961
1445
2584
1315
2386
4515
3696
4700
2532
2309
509
3815
2773
599
648
2596
3714
2150
1829
2519
130
4213
1097
288
539
3106
3682
2731
2442
2315
2318
1943
901
3610
2169
1451
526
629
3067
1865
4985
2670
1416
2350
4687
3156
4880
2135
3215
809
2695
709
4075
883
2312
3660
4045
2594
2008
4975
3904
3124
2287
416
1809
4679
1513
4969
1767
1434
448
1303
2326
2337
3723
547
2859
695
3181
988
239
1394
98
4711
3614
3930
4753
3034
1001
3043
3727
179
1624
3690
3572
4411
4995
1748
1155
2985
3715
1249
2995
3711
1121
3874
2247
1409
2181
185
4153
3191
3223
1743
1894
3882
3006
3049
1232
1388
2116
2819
4378
2681
3792
1113
2565
2136
4261
2854
699
2903
1117
4699
3345
426
4028
1464
1448
3916
4667
1754
884
4526
4757
2953
4743
3697
2335
2188
39
178
842
3898
4282
3972
597
4538
1875
4697
1481
1426
1208
2254
1070
2612
3183
3667
3132
1652
1200
4729
1836
4946
3939
1694
3042
220
640
3936
2891
2375
4951
2432
4751
2527
3343
1986
2740
1290
2868
140
469
4324
4908
1026
2371
4660
638
4488
1480
122
393
804
429
3722
2009
939
3942
755
3317
406
3234
1229
2611
3274
2709
667
665
2824
3349
549
4804
3753
1703
2354
2283
493
4115
4959
2892
2955
4690
2090
1704
3230
196
4653
1537
1403
688
4727
361
382
2513
2323
4286
715
4464
3233
2034
4822
3382
109
2536
727
278
2676
3661
1642
3897
1902
4023
3036
2827
2424
3755
741
4362
4910
3130
1942
4912
4748
2822
3508
3647
4259
1879
464
1018
4308
2294
933
4634
4624
3556
3941
623
912
2761
2610
1808
991
3726
3977
4173
1408
4269
2452
3059
4260
928
1265
644
3635
1340
2529
3160
73
3089
3912
625
1203
4631
2178
470
1248
2625
3683
3872
2768
2223
3836
1222
2954
1348
1032
1465
2200
2028
762
3075
1756
96
4759
4525
3607
2931
2475
3109
3506
453
114
1462
828
3515
2675
2650
4363
2251
3720
4190
3625
391
758
2804
379
203
3542
1924
4692
4718
723
348
1960
1589
4813
387
3277
3385
4663
4894
2540
2823
283
76
3954
4085
1978
2539
83
1906
974
210
4618
1324
1364
1801
341
3118
401
2797
97
4435
2324
2230
1130
753
3438
685
913
229
564
4204
4165
3856
3962
1984
503
125
4391
1529
2877
4007
275
1228
4847
4057
1720
2016
3644
2762
841
501
2248
740
812
2690
396
4431
1479
1099
4648
636
1146
272
4361
774
1857
934
3483
3524
502
1373
1206
3987
1158
2984
4855
1925
4658
4037
408
702
4643
595
4963
3812
1636
2038
2138
2112
768
3259
1487
4049
2886
4493
2707
4219
4109
2017
325
1234
3837
3535
2646
1390
3433
909
1726
3366
2702
57
2641
3756
1536
734
2888
4163
586
2478
3522
1031
4116
1034
3145
311
2968
3324
782
4905
471
2766
3173
4414
2735
1493
2705
1692
742
2042
1545
1936
4874
4608
403
2776
34
4510
2002
1142
4802
898
3370
3415
3514
3866
3393
4185
4083
4559
4746
1266
1650
4861
2977
1075
4543
605
3818
733
3804
3228
1745
82
3844
1802
3238
4451
4412
2828
3055
4398
3294
4770
4551
3918
569
2348
1854
1916
3694
712
3365
3668
3404
145
425
1805
4962
2438
3608
2505
1724
1279
399
1937
3724
3302
2632
2642
3557
1787
2987
3135
1443
1519
2668
4474
2717
497
214
4208
1051
4980
3
2992
4192
951
1095
4725
1669
4558
3677
1405
3358
2018
484
3039
1958
2638
2506
678
4964
3665
1953
851
3201
4175
2667
2033
2234
4954
810
307
4082
1530
3125
2428
1832
2205
3832
3890
2072
4353
4702
1365
2307
3015
3699
612
3070
2308
3950
590
4138
3458
4092
195
1994
441
1456
1769
77
4364
2185
518
3381
3264
1967
1535
4677
1384
2563
1337
1709
4182
1432
2063
1613
2447
4675
3684
205
2010
3825
4041
2648
3569
800
2359
1892
766
2653
4693
3811
3652
1991
568
4201
1182
4065
3083
1653
257
3190
1655
2047
1069
706
525
1478
3751
849
655
1022
3286
3251
223
1377
2713
3372
3076
1910
1255
4782
4439
1788
4503
4548
1308
4292
4460
2296
2203
2862
160
3217
2501
2474
3245
2204
561
2011
3544
776
2437
3261
1572
2140
4672
1199
3157
2165
3410
182
2902
2374
3418
2385
932
545
743
3958
3339
2376
3891
585
1823
4472
633
3082
874
478
3209
4896
3858
1057
902
238
2721
2465
4961
3669
1154
1550
155
4010
4181
4301
4114
1685
2024
620
4761
1421
657
3838
4825
4006
1087
513
3368
2035
1281
362
4326
4950
1422
2643
449
3425
2343
3821
4232
602
551
3719
4542
3457
997
4670
1055
1227
3624
2533
3018
2327
2617
4922
4656
1212
1567
3518
172
3820
2313
2581
3218
249
3253
4011
1011
696
2390
4764
2771
3323
737
3155
4958
1822
2399
4739
1508
3510
4625
3529
2620
944
3283
4628
4735
3830
708
3688
1679
4127
357
770
3655
785
4186
2875
3568
3966
589
996
1059
1503
475
1919
2986
3582
887
4844
1541
4712
2844
1563
3796
3539
2544
4406
844
3828
2113
1371
2236
436
747
4835
1641
3662
4565
3771
2389
3326
4877
5000
136
1267
621
1334
799
3703
512
2794
1834
3925
943
556
562
3278
3721
2795
2634
1747
1798
1128
694
4879
3570
452
4506
133
413
1335
4881
1395
824
4573
1413
4038
2151
3666
1431
2669
157
2712
4071
1759
4575
919
1209
3220
2579
881
4936
2454
4346
1471
3737
4030
986
3012
2004
1737
888
199
957
4686
170
4485
2872
2255
4027
674
893
3849
3304
2085
1949
3246
2117
581
954
1609
3413
3630
4736
637
2911
1781
1429
3010
60
1484
3888
1143
4527
1118
1627
2468
2808
366
3117
4387
1926
2846
2345
2456
150
1186
2365
4569
2980
2674
3152
3281
3590
4633
335
1169
2208
194
4126
4155
1565
2198
3654
1089
1860
1217
3734
1691
4596
3927
961
3053
4539
1474
4340
280
4947
3994
4101
4347
4110
3997
1469
976
2303
1837
107
177
1842
1101
4570
28
795
4314
1539
1717
246
480
3540
3296
3989
3064
967
2951
274
4843
3445
705
4678
271
4734
367
1617
1701
1639
4304
2261
3137
2067
1137
3177
1361
1974
1278
2403
4254
3027
4585
3538
2840
3408
4245
3048
4374
3110
65
725
99
4145
4934
1049
2082
510
1644
3674
584
765
4613
3143
334
312
536
4791
907
983
4948
265
4919
514
4093
456
424
587
1436
1870
295
4889
2517
290
2835
420
659
4902
4897
555
2737
1367
2849
2793
247
3795
4768
2655
2833
3284
4514
221
684
4311
4086
292
119
3574
301
1741
1024
4647
4270
866
2688
22
2917
4850
3340
4916
3182
3561
676
3816
4853
11
2479
2215
2426
3111
4816
1347
969
2420
816
2901
1948
3189
2714
2602
1776
2893
707
4157
4335
139
4056
3599
3685
4884
2698
4617
1626
583
4197
1125
2387
956
3240
1213
2788
4227
2462
4183
4733
3968
3642
1356
2613
3214
4915
2012
2925
1271
4721
3576
1486
4218
508
121
4563
4994
4004
3174
4574
4533
3040
750
2089
4531
1273
4500
3612
4492
3243
2076
3975
4589
3222
1159
1633
735
4371
4917
854
338
4756
830
108
41
463
3598
2685
432
4941
4992
2228
1706
3449
628
1269
1262
3500
2580
304
2950
2059
3406
732
3826
4990
3659
259
4394
2001
781
2510
4367
4535
1494
58
1035
3342
1329
683
4619
3787
3450
1457
3309
2355
217
2489
3944
3742
1283
4555
4384
1473
4054
532
2969
344
1311
1
2562
1004
2098
565
2897
3467
1191
4683
1207
2338
4299
2221
995
4818
3956
4740
1698
3258
409
2520
2724
2145
701
2265
2907
3377
886
2022
353
820
658
1156
1611
2073
1850
3745
118
4831
2382
419
3534
827
3210
3867
3799
3330
2785
2657
1243
3778
40
3154
1477
1288
530
1580
296
25
2718
3171
596
2448
3993
668
211
1109
2292
2051
4140
4703
718
2445
4673
3503
4602
4223
963
2764
2412
4466
1046
3609
2404
2635
2654
370
1651
1896
1649
1106
1898
805
1124
3493
189
329
4945
104
4039
4106
1988
400
4035
3717
3587
721
4943
3999
3492
2663
1140
1339
2114
317
4758
2191
3316
1581
1992
1127
3851
4281
84
1345
4904
1797
352
1398
1782
4187
4774
2014
856
4968
2575
3859
168
1791
2927
197
3880
3602
3376
3430
3750
2155
2282
1322
2444
979
905
1951
3752
2457
4709
1547
4437
4388
2153
1264
324
4120
2174
2640
680
2845
3800
4836
3935
1882
4446
4290
4024
921
2732
1359
1160
993
726
2757
3172
4344
1932
3704
559
1734
1667
2842
540
1047
483
2493
2870
2782
4125
2218
3017
1963
2514
1029
369
2592
4053
7
918
1544
3265
1196
3356
2352
4212
1518
3992
982
4927
1376
4428
2899
1268
4530
2079
1683
2895
3454
1291
240
2395
4540
67
3653
2220
992
4302
4231
803
2994
1441
2304
2525
1940
2965
4557
2071
2347
3100
2202
646
3700
579
2179
610
1258
3645
4376
3583
3767
1195
3597
4068
4680
1869
314
617
284
4996
3354
2960
230
3150
1885
3877
1573
2780
4920
4591
869
42
3193
3695
3249
3279
1084
1177
3411
3963
2604
2706
3833
859
1880
3380
2094
3931
1202
378
2207
4008
3069
4136
3041
4463
4417
1467
3917
2217
2754
4339
258
3983
2458
4104
2558
4863
2416
4294
51
2512
3631
3848
1402
2039
4306
4572
62
1418
3702
2878
2873
2084
4737
1415
3332
4691
3108
4134
4696
2435
4390
3291
3504
2167
3239
3901
4107
4455
4389
4477
1813
1575
3588
2154
975
3204
2940
1594
4237
2774
698
388
3889
1466
2941
2158
990
1827
749
4546
713
3329
3140
1240
1630
54
3196
3885
46
2280
791
113
3050
2270
188
1074
3713
1285
1276
4544
2269
1719
1682
2226
2019
300
2569
4097
3035
4930
2871
2687
4360
917
600
2874
266
4956
2637
574
860
4866
966
889
9
1010
2679
4095
2216
3770
2419
2720
2060
2284
4494
4404
2238
2241
2087
4669
1162
3651
3123
417
3686
1152
2576
1859
3435
1126
2102
1815
3824
2115
2422
461
3167
4415
1794
3960
61
32
3168
619
4706
2861
964
4495
2658
2879
1890
1955
4128
3439
1660
960
4250
2300
270
4508
780
2494
1548
2142
1509
158
3335
4798
1629
444
4707
2441
1332
2606
1884
1257
500
4473
1566
346
2408
2161
4001
482
1164
679
942
2973
3945
26
2048
1844
4564
1574
1050
2319
717
1307
843
202
3300
3361
1814
3509
681
2775
47
4450
4380
4111
2311
4156
1280
1236
4586
1139
1104
2799
4846
3706
4966
2219
3419
206
2832
1711
1828
4088
3235
748
222
892
3241
1060
198
3165
3933
3519
641
1549
4777
1620
1282
3149
3938
845
2548
4635
978
1412
575
2855
3701
3185
2495
3077
1027
582
927
4265
2982
1397
1920
4076
2268
4599
1766
1968
4266
4892
2086
571
1695
1675
3115
3555
1014
4507
3855
3141
3473
1816
3803
3523
1369
268
2967
2264
1938
3161
598
3586
4471
4522
3014
2405
3541
573
3813
2974
3194
3886
1909
4797
875
4529
4787
3061
87
3502
4783
1806
2258
872
4066
1584
3790
1253
340
3448
1424
837
1981
2239
4642
2485
2692
2734
376
3318
1732
4776
2949
3603
4258
2329
4385
3549
3551
4865
100
5
3589
1693
4143
3136
3337
626
1272
2948
1959
2272
4883
3024
3032
3698
1765
1245
3206
4002
245
74
4322
4755
2036
4368
2753
1459
3546
144
3364
2143
85
4868
3434
3421
3978
2267
2015
2664
2784
4129
2561
3213
4350
2531
3843
981
156
2524
4664
754
14
3581
3527
2607
2728
3142
672
4970
2381
29
3768
4655
4317
1583
4343
4623
914
78
3733
3116
3679
1449
1677
3308
1612
3791
124
4521
3852
4036
4003
1929
2477
2214
4429
2582
2189
3374
4937
141
3774
606
1515
4636
3099
722
1811
608
4355
2801
1071
2918
1043
2366
4899
1993
682
779
700
2756
2332
4174
1710
89
345
4666
903
2677
4194
2683
1768
4273
1792
4206
814
3232
4121
2394
3817
1604
3037
3396
4974
2212
299
1420
1763
615
3254
4580
1201
2388
2869
2553
1762
2970
3000
313
1346
1987
4903
572
3320
3466
2194
3957
2163
4924
858
4778
1996
4553
2334
3526
916
1174
4509
2125
757
3068
4373
1391
3094
2697
4534
2528
2571
840
1999
4498
4445
1538
906
1358
71
488
30
634
3031
2595
162
3026
2908
421
1582
4399
516
3346
1492
3769
4416
3231
1299
1862
4263
2091
2425
822
4857
4716
897
4247
1506
3633
3629
4577
1309
4795
847
2546
2093
459
250
2601
3119
848
1739
2989
1006
1522
2962
826
819
2993
3952
2013
4606
163
4926
3899
1224
533
2263
1804
1023
1764
4159
3643
1793
3437
3613
2633
4395
2044
2865
3850
3044
531
1472
3098
2605
3338
1688
1525
31
666
1048
1499
2046
209
4556
3444
3861
4205
2848
3634
3247
3862
1634
491
1065
234
576
4731
407
4592
3594
3188
3969
4665
778
4402
4762
3422
756
3313
4532
1019
485
323
1252
3347
1666
4611
3619
941
3691
4710
255
4942
1054
1497
3623
3009
3311
201
4629
2699
1239
1138
2574
4170
1648
3532
4763
466
1542
3757
1374
3357
3020
4482
4235
27
852
2342
447
2711
3806
4447
1625
4833
1807
523
4698
1923
4475
4933
1338
1546
3409
3072
88
218
3224
2716
4188
4051
342
4052
1425
2636
2257
4601
1320
4545
1312
2
4211
123
1966
4612
4645
3114
609
4444
4547
3712
3081
2058
2680
1908
4124
4652
2500
3270
468
3783
2958
915
2806
79
3573
761
3681
1330
2295
4033
2741
4090
1041
2884
4780
716
4772
4719
3805
2423
1325
3007
1927
1250
2975
593
2890
2156
3517
3399
4441
1579
4907
2440
392
1838
4293
1317
529
2488
2750
922
3063
3949
3392
3003
10
2031
1845
2451
952
4932
3884
3829
3138
4957
2301
1386
4256
3780
4561
3292
1780
2231
134
3005
3600
3501
1198
1618
3656
930
1114
1532
3146
4469
410
50
4328
2414
4440
4073
965
1931
3322
802
3470
3079
149
3871
175
208
4034
1102
1144
2481
2410
4882
4191
548
1400
3520
2341
183
1133
2139
4478
4081
2693
3104
2915
1571
4750
511
691
2608
2253
4253
3744
2120
2227
4122
3205
3447
4732
2570
2876
4819
3267
517
3764
3328
4177
66
1135
1596
4421
3487
3974
2232
1883
2769
1588
1298
2726
3333
3537
2052
235
4323
1446
1131
1012
1520
499
613
237
3591
4338
2694
3373
953
3386
1659
2666
1773
3575
1889
1045
739
1585
3718
2725
2134
3552
3475
4096
1559
286
3065
1147
4119
151
2567
4303
1945
931
2881
159
3453
1148
3793
4141
4839
3442
1680
506
477
191
1489
4489
1442
4207
1750
2075
3071
4885
3390
2837
4276
3482
2564
894
2826
3622
3426
3579
1079
3725
1468
3131
796
3295
2921
1702
454
3979
1521
3011
1760
1913
2598
935
1839
1452
772
4967
870
137
1123
33
1107
1564
3179
2900
4198
4272
2406
3531
327
1830
3558
4426
3827
4312
1665
4511
1956
3085
2593
2129
4397
4505
811
1784
1179
2321
1599
3029
153
2880
43
4640
1900
1631
1062
2556
1899
2603
3995
1877
2978
4781
2853
553
4230
2752
4026
1204
3407
4738
1528
2211
4016
2184
1215
2377
2471
1947
2491
1170
2040
4018
2600
3199
2068
1423
3269
4336
4830
4760
2275
3004
2928
3023
1193
2678
1962
1301
3051
377
3946
3465
2628
3066
3095
3107
405
4809
2003
3244
2472
4627
4694
496
2789
297
1812
1231
2097
226
760
2719
2201
2503
4671
2199
3491
985
4332
2222
3093
896
2805
1336
1030
4400
3289
4432
2715
908
3074
2909
1428
4252
2286
3789
899
1995
3310
3731
318
2511
4229
806
2781
4597
2834
1930
70
4607
3513
839
689
2123
3016
1430
414
2815
2409
601
3940
3687
2772
2744
1576
4604
4480
850
3675
2751
4953
719
3303
3759
1790
2400
3847
3170
3788
729
110
4021
552
4823
4878
783
4815
3626
2449
373
3547
1225
2904
793
570
356
4581
1385
738
686
181
1891
94
2297
2802
3853
2926
1333
4189
2291
59
434
1498
4571
2535
3086
1730
4792
4249
3883
2661
4901
2736
3605
1072
3056
2623
2197
1561
2557
1504
890
4234
1778
4803
588
3362
1375
3203
3432
2433
4262
798
4316
3208
4246
3367
3507
3766
3869
775
2929
4354
3762
3932
3400
3728
1263
3928
4100
910
4172
2278
675
3025
2521
3461
4285
1163
2523
3446
3924
3909
704
2299
3834
2078
4479
4520
2549
1972
1181
467
1020
660
2502
3073
1615
4369
2362
1396
4523
3128
2820
451
2171
3384
2130
3841
3536
4147
437
3001
3658
4161
228
4108
1824
797
4931
2480
443
4284
4295
126
1500
3592
2991
21
1689
1151
1270
4058
2786
4713
2467
4837
4372
1738
4476
1736
3266
4084
4331
4112
4997
1021
1230
1341
1461
3488
1590
3398
4158
386
958
4952
4169
1221
2053
3934
1893
285
950
2555
3865
3431
2358
3533
3327
955
1216
1349
3226
1904
3640
4928
669
4914
971
4841
2730
1063
4379
1772
243
1895
4413
2417
2759
262
2431
1671
4278
1568
2686
1517
473
4167
2045
4334
1592
1586
4644
1287
3175
1502
3375
1254
3499
3359
566
3578
2463
2627
3423
2411
3571
1454
4133
1697
1082
1372
2566
4720
865
4000
298
1569
3919
1761
2364
1455
4162
2936
2122
977
1989
3985
769
4684
81
2547
4251
2450
4214
3312
2560
1111
1873
3921
68
4410
3761
2971
1366
4977
3451
1475
2839
3649
4786
1490
3922
4248
3030
2401
2056
1755
1061
1393
18
1197
3097
3002
3846
577
563
2105
1855
4327
3476
1496
3920
557
251
2166
2103
4283
2763
2703
936
224
2863
320
161
2939
1294
3395
2882
244
3321
3379
2057
4600
4940
291
148
4199
4773
1153
1835
3628
4481
1868
3429
1488
3910
2168
2816
1753
2656
2942
4393
490
1038
2792
147
2224
4576
1501
1058
3618
2811
489
3443
3202
873
2330
631
3732
2225
863
422
3495
962
3468
192
3088
4541
3103
2830
2302
515
4243
687
1557
3195
263
1696
1414
3307
3405
3462
1015
1175
4817
801
1647
833
2402
4382
1941
4849
3707
3814
2817
2814
3689
3548
4708
2107
63
1973
112
1028
1321
2372
1132
4196
4944
2790
3102
102
164
1674
4242
3746
4820
1296
2131
2577
1353
4685
1295
450
1410
92
652
2943
4852
3798
1383
1616
4359
3905
2368
1944
3459
3334
1864
663
3553
4063
4358
786
1251
4754
2572
4888
1595
3271
455
4864
2672
4895
2317
1610
2192
4200
1025
4483
1226
2504
2050
3479
567
2946
4615
2081
1591
2041
4094
3144
1593
4790
3860
1866
846
4318
2373
1658
3879
2729
4020
4973
4180
3758
4717
1640
1485
1789
790
3127
2966
3472
142
4448
4621
315
4329
2760
273
4048
3970
3360
4226
4029
4983
2000
630
167
3773
2029
4203
1241
1306
3779
3738
4221
138
2701
4241
36
4225
4407
3990
4554
3078
3981
4105
825
794
3991
2418
2990
3090
1681
1826
1598
1066
1878
714
1040
4650
1145
3580
3344
2631
4031
2325
1435
431
911
2538
2930
383
624
4923
1744
1007
3982
4646
948
4043
3839
3908
594
2461
2074
4988
3158
2543
1189
4264
339
3964
1638
4195
2894
3456
1853
2867
2747
4779
813
4279
4828
759
2850
2383
1664
1351
2945
4146
924
1699
505
3428
1957
15
3621
2141
4976
3646
1292
4993
2622
2109
1672
2748
2914
1314
190
3139
1721
1256
4747
4925
4309
154
2314
697
3221
2119
1098
4807
2032
4490
2092
3896
213
1439
789
1094
95
52
3282
4015
940
673
169
1223
2126
4044
2252
3273
385
4357
2864
1847
731
305
1705
212
3211
3512
2621
2550
534
4744
1237
279
2749
3287
744
4042
2743
3620
3355
2818
3242
3906
3481
4288
3708
2088
2710
4310
832
2896
730
481
2240
3797
3560
1605
3391
2285
2778
4139
4728
2507
3923
1700
1969
2609
4714
2320
2798
3348
358
807
4179
1444
1326
4955
3693
2516
3276
3627
4377
4583
1331
1858
4626
528
3478
2997
3212
4305
1757
2589
3378
2649
2545
3186
622
351
1635
2972
4074
3913
1783
3840
2243
4769
2836
180
4616
764
2803
4906
4168
4150
3471
281
3749
215
3388
945
1742
4176
106
1646
4202
1067
1540
2905
591
3808
1319
187
1997
968
4609
269
2518
2453
651
745
4467
287
3671
3716
4682
412
4070
3943
2651
411
23
115
2466
2487
4513
1662
3262
2796
1003
4676
1112
815
3200
4017
3464
2671
2124
1064
1289
4019
2393
2964
1856
746
3657
900
2298
3641
3080
2370
4366
4274
4401
2484
1411
1740
264
3250
1907
1888
3637
2988
878
543
2704
1676
2250
349
129
3288
4151
4079
2578
4876
4268
3967
143
146
2132
4793
4009
1668
4771
3593
1327
3881
4333
635
1523
4184
381
2614
831
643
1979